%!PS-Adobe-2.0 EPSF-2.0
%%Creator: user
%%Title: FreeFem++
%%CreationDate: Thu Dec 13 10:42:28 2012
%%Pages: 1
%%BoundingBox:       0 0 596 421
%%EndComments
 /L {newpath moveto lineto stroke} def
 /C {setrgbcolor} def
 /rec {newpath 4 copy 8 1 roll moveto 3 -1 roll lineto 4 2 roll exch lineto lineto closepath} def
 0.059600 0.059600  scale 
 0 10000 0 7071 rec clip
 /Helvetica findfont 151 scalefont setfont
 /S {moveto show} def
 /bF  { mark} def 
 /eF {newpath moveto counttomark 2 idiv {lineto} repeat closepath fill cleartomark} def
 /P { /yy exch def /xx exch def   xx xx 1 add yy yy 1 add  rec  fill } def
 2 setlinewidth
1.000 0.829 0.163 C
5000 467 4919 145 L
1.000 1.000 0.000 C
5000 1109 4758 145 L
0.750 1.000 0.000 C
5000 1752 4598 145 L
0.500 1.000 0.000 C
5000 2395 4437 145 L
0.250 1.000 0.000 C
5000 3038 4276 145 L
0.000 1.000 0.000 C
4892 3252 4116 145 L
0.000 1.000 0.250 C
4678 3038 3955 145 L
0.000 1.000 0.500 C
4464 2824 3794 145 L
0.000 1.000 0.750 C
4250 2609 3634 145 L
0.000 1.000 1.000 C
4035 2395 3473 145 L
0.000 0.667 1.000 C
3821 2181 3312 145 L
0.000 0.333 1.000 C
3607 1966 3151 145 L
0.000 0.000 1.000 C
3392 1752 2991 145 L
0.250 0.000 1.000 C
3178 1538 2830 145 L
0.500 0.000 1.000 C
2964 1324 2669 145 L
0.750 0.000 1.000 C
2750 1109 2509 145 L
1.000 0.000 1.000 C
2535 895 2348 145 L
0.872 0.000 0.750 C
2321 681 2187 145 L
0.744 0.000 0.500 C
2107 467 2026 145 L
0.616 0.000 0.250 C
1893 252 1866 145 L
0.000 1.000 0.000 C
4892 3359 4892 3252 L
0.000 1.000 0.250 C
4678 3359 4678 3038 L
0.000 1.000 0.500 C
4464 3359 4464 2824 L
0.000 1.000 0.750 C
4250 3359 4250 2609 L
0.000 1.000 1.000 C
4035 3359 4035 2395 L
0.000 0.667 1.000 C
3821 3359 3821 2181 L
0.000 0.333 1.000 C
3607 3359 3607 1966 L
0.000 0.000 1.000 C
3392 3359 3392 1752 L
0.250 0.000 1.000 C
3178 3359 3178 1538 L
0.500 0.000 1.000 C
2964 3359 2964 1324 L
0.750 0.000 1.000 C
2750 3359 2750 1109 L
1.000 0.000 1.000 C
2535 3359 2535 895 L
0.872 0.000 0.750 C
2321 3359 2321 681 L
0.744 0.000 0.500 C
2107 3359 2107 467 L
0.616 0.000 0.250 C
1893 3359 1893 252 L
1.000 0.829 0.163 C
5000 467 7892 3359 L
1.000 1.000 0.000 C
5000 1109 7249 3359 L
0.750 1.000 0.000 C
5000 1752 6607 3359 L
0.500 1.000 0.000 C
5000 2395 5964 3359 L
0.250 1.000 0.000 C
5000 3038 5321 3359 L
1.000 0.829 0.163 C
4919 6493 5000 6252 L
1.000 1.000 0.000 C
4758 6332 5000 5609 L
0.750 1.000 0.000 C
4598 6172 5000 4966 L
0.500 1.000 0.000 C
4437 6011 5000 4323 L
0.250 1.000 0.000 C
4276 5850 5000 3681 L
0.000 1.000 0.000 C
4116 5689 4892 3359 L
0.000 1.000 0.250 C
3955 5529 4678 3359 L
0.000 1.000 0.500 C
3794 5368 4464 3359 L
0.000 1.000 0.750 C
3634 5207 4250 3359 L
0.000 1.000 1.000 C
3473 5047 4035 3359 L
0.000 0.667 1.000 C
3312 4886 3821 3359 L
0.000 0.333 1.000 C
3151 4725 3607 3359 L
0.000 0.000 1.000 C
2991 4565 3392 3359 L
0.250 0.000 1.000 C
2830 4404 3178 3359 L
0.500 0.000 1.000 C
2669 4243 2964 3359 L
0.750 0.000 1.000 C
2509 4082 2750 3359 L
1.000 0.000 1.000 C
2348 3922 2535 3359 L
0.872 0.000 0.750 C
2187 3761 2321 3359 L
0.744 0.000 0.500 C
2026 3600 2107 3359 L
0.616 0.000 0.250 C
1866 3440 1893 3359 L
1.000 0.829 0.163 C
4919 6573 4919 6493 L
1.000 1.000 0.000 C
4758 6573 4758 6332 L
0.750 1.000 0.000 C
4598 6573 4598 6172 L
0.500 1.000 0.000 C
4437 6573 4437 6011 L
0.250 1.000 0.000 C
4276 6573 4276 5850 L
0.000 1.000 0.000 C
4116 6573 4116 5689 L
0.000 1.000 0.250 C
3955 6573 3955 5529 L
0.000 1.000 0.500 C
3794 6573 3794 5368 L
0.000 1.000 0.750 C
3634 6573 3634 5207 L
0.000 1.000 1.000 C
3473 6573 3473 5047 L
0.000 0.667 1.000 C
3312 6573 3312 4886 L
0.000 0.333 1.000 C
3151 6573 3151 4725 L
0.000 0.000 1.000 C
2991 6573 2991 4565 L
0.250 0.000 1.000 C
2830 6573 2830 4404 L
0.500 0.000 1.000 C
2669 6573 2669 4243 L
0.750 0.000 1.000 C
2509 6573 2509 4082 L
1.000 0.000 1.000 C
2348 6573 2348 3922 L
0.872 0.000 0.750 C
2187 6573 2187 3761 L
0.744 0.000 0.500 C
2026 6573 2026 3600 L
0.616 0.000 0.250 C
1866 6573 1866 3440 L
1.000 0.829 0.163 C
7892 6252 7892 3359 L
1.000 1.000 0.000 C
7249 5609 7249 3359 L
0.750 1.000 0.000 C
6607 4966 6607 3359 L
0.500 1.000 0.000 C
5964 4323 5964 3359 L
0.250 1.000 0.000 C
5321 3681 5321 3359 L
1.000 0.829 0.163 C
5000 6252 7892 6252 L
1.000 1.000 0.000 C
5000 5609 7249 5609 L
0.750 1.000 0.000 C
5000 4966 6607 4966 L
0.500 1.000 0.000 C
5000 4323 5964 4323 L
0.250 1.000 0.000 C
5000 3681 5321 3681 L
1.000 1.000 0.000 C
1785 145 5000 145 L
5000 145 8214 145 L
0.000 1.000 0.000 C
8214 145 8214 3359 L
8214 3359 8214 6573 L
0.000 1.000 1.000 C
1785 6573 5000 6573 L
5000 6573 8214 6573 L
0.000 0.000 1.000 C
1785 145 1785 3359 L
1785 3359 1785 6573 L
showpage
